living_room: [0.903835, -1.644840, 3.126611]
living_room_shelf: [1.306004, -0.655250, -0.051715]
dining_table: [0.713348, 0.636400, 1.506323]
dining_table_far_view: [0.153032, -0.133635, 1.131508]
kitchen: [3.622228, -1.937744, 3.036852]
dining_table_2: [1.390036, 1.803614, -3.128724]
