living_room: [0.903835, -1.644840, 3.126611]
living_room_shelf: [1.385727, -0.465693, -0.090714]
dining_table: [0.634567, 0.735853, 1.430212]
dining_table_far_view: [0.153032, -0.133635, 1.131508]
kitchen: [3.622228, -1.937744, 3.036852]
dining_table_2: [1.390036, 1.803614, -3.128724]
